1
2
3
4
5
6
7
8
9
10
11
12
13
14
15
16
17
18
19
20
22
22
23
25
25
26
28
28
29
29
33
33
33
33
36
36
36
39
39
40
40
44
44
44
45
46
47
48
49
50
50
50
55
55
55
56
58
58
59
59
59
59
66
66
66
66
66
69
69
70
70
70
70
77
77
77
77
78
79
80
80
80
80
88
88
88
88
88
89
89
89
89
89
99
99
99
99
99
99
100
100
100
100
100
110
110
110
110
110
110
111
112
113
114
115
116
117
118
119
120
122
122
123
125
125
126
128
128
129
129
133
133
133
133
136
136
136
139
139
140
140
144
144
144
145
146
147
148
149
150
150
150
155
155
155
156
158
158
159
159
159
159
166
166
166
166
166
169
169
170
170
170
170
177
177
177
177
178
179
180
129
80
125
136
140
110
166
133
26
110
66
7
155
125
70
28
123
88
77
45
159
79
99
50
159
100
59
55
66
145
11
6
22
25
99
115
158
50
177
12
18
156
19
70
159
100
3
80
100
99
36
40
89
110
166
14
159
147
128
50
39
179
28
177
89
146
170
29
4
70
29
17
110
118
177
89
56
166
88
40
16
47
23
150
119
70
122
36
33
99
55
25
59
36
136
77
136
169
150
48
8
58
133
10
78
88
129
33
112
89
144
44
111
13
113
77
59
170
117
66
80
46
144
99
49
33
2
155
1
110
110
59
148
178
126
100
88
66
149
139
9
69
22
139
122
77
5
116
133
80
170
169
155
166
44
144
158
133
100
33
120
58
170
39
128
177
180
99
88
140
66
69
55
20
150
114
89
44
15
166
